cam_pos      = [0.796069, 1.29806, 1.46193]';
cam_dir      = [-0.0203376, -0.000556345, -0.999793]';
cam_up       = [0.000452042, 1, -0.000565655]';
cam_lookat   = [0, 0, 1]';
cam_sky      = [0, 1, 0]';
cam_right    = [-1.32972, 0.000616392, 0.0270486]';
cam_fpoint   = [0, 0, 1]';
cam_angle    = 90;
